365817294948625173217394856634589712829176435751243968592431687476958321183762549
213894756465271839798365241354912687176538492829746513932487165687159324541623978
435916827862547139971283456587392641213468795694751283346879512759124368128635974
543192678716458923928637514154826397387519462269743185475261839831975246692384751
571943682698215734432687195189576243743129568265438917857361429914852376326794851
358412697971638254426957138537896412612574983849123576285369741163745829794281365
623481597849576321571293864736948152985132746214657938357824619192765483468319275
561234879792586431843197562478962315126375948935841627357419286689723154214658793
342978651817625394569341287274516839698432175135897462453289716921763548786154923
756892413238154976491376582179283654342765891865941327984617235613528749527439168
253894176614537289798162534386729451425318697179645823847951362531276948962483715
918372645435168279672495831759236184843951762126847953364719528297584316581623497
543192678716458923928637514154826397387519462269743185475261839831975246692384751
617924583432158796598637421871593264256741839349286157165879342723465918984312675
987651423521493678634728951745132869168974532293586714479215386352869147816347295
