932675814648312759157498623265843971714926538389751246421569387593187462876234195
752834961631259487489176253876523149523941876194768325215387694367492518948615732
673582491258419376941376258862753149395241867417968532736124985189635724524897613
849612735632759418715438269576284391381975624294361587458126973167593842923847156
381497625742615893569328741693874152124569378857132964978241536435786219216953487
689534721547218396123967548476853912312679485895421637958146273761392854234785169
893642517576981243421753689658279134912834765347165928165398472784526391239417856
273819564145326798986457321867931245519284637324675819432798156658143972791562483
435916728187524396269873451372695814541738962698142537956287143824351679713469285
362819574897425163451736298516293847248671935973548612629357481784162359135984726
839624715165873942472951836983542167257316489641789253716495328594238671328167594
641539782758412963923876145284965317369781524175324698517648239892153476436297851
162859347845137296937642581723514869481963725596278413678321954214795638359486172
359248761142756983867391425614837592938425617725619834283564179496173258571982346
264159873815734629397682514752841936983265147641973258138597462576428391429316785
